idna_subject,checker_type,destination,tested_at
allosexe-.myblox.fr,AVAILABILITY,domains.list,2024-06-28 08:09:37.450174
xy.nullrefexcep.com,AVAILABILITY,domains.list,2024-06-28 08:09:37.914452
www.xn--publicsluts-qf3f.net,AVAILABILITY,domains.list,2024-06-28 08:09:38.166080
alyssa-.ifrance.com,AVAILABILITY,domains.list,2024-06-28 08:09:38.508520
xn--freecelebritytube-tz2jja.com,AVAILABILITY,domains.list,2024-06-28 08:09:38.890289
xn--publicsluts-qf3f.net,AVAILABILITY,domains.list,2024-06-28 08:09:39.181355
247?realmedia.com,AVAILABILITY,domains.list,2024-06-28 08:09:39.375923
telemetry.appex.bing.net:443,AVAILABILITY,domains.list,2024-06-28 08:09:39.569351
mailto:info@mypornbible.com,AVAILABILITY,domains.list,2024-06-28 08:09:39.764016
film-porno-.ze.cx,AVAILABILITY,domains.list,2024-06-28 08:09:46.719330
247,AVAILABILITY,domains.list,2024-06-28 08:09:46.921368
443,AVAILABILITY,domains.list,2024-06-28 08:09:47.127300
host.d-ns.ga,AVAILABILITY,domains.list,2024-06-28 08:09:47.438348
"adblade.com,popup",AVAILABILITY,domains.list,2024-06-28 08:09:47.633968
adtrackone.eu$document,AVAILABILITY,domains.list,2024-06-28 08:09:47.827888
durl=px.moatads.com,AVAILABILITY,domains.list,2024-06-28 08:09:48.021917
gogog@hehehe.blogspot.de,AVAILABILITY,domains.list,2024-06-28 08:09:48.215311
"px.moatads.com,z.moatads.com",AVAILABILITY,domains.list,2024-06-28 08:09:48.409457
abc.pema.cl,AVAILABILITY,domains.list,2024-06-28 08:09:48.749921
info@mypornbible.com,AVAILABILITY,domains.list,2024-06-28 08:09:48.943925
javakiba.org*,AVAILABILITY,domains.list,2024-06-28 08:09:49.137661
"moherland.pl,",AVAILABILITY,domains.list,2024-06-28 08:09:49.331428
hans.pr0gramm.com,AVAILABILITY,domains.list,2024-06-28 08:09:49.611842
mangas-porno-.has.it,AVAILABILITY,domains.list,2024-06-28 08:09:50.948792
hurensohn.pr0gramm.com,AVAILABILITY,domains.list,2024-06-28 08:09:51.308314
websitealive[0-9].com,AVAILABILITY,domains.list,2024-06-28 08:09:51.502295
m.pr0gramm.com,AVAILABILITY,domains.list,2024-06-28 08:09:51.832893
web.die-news.pw,AVAILABILITY,domains.list,2024-06-28 08:09:52.064949
st.kjli.fi,AVAILABILITY,domains.list,2024-06-28 08:09:53.716567
www.xn--freecelebritytube-tz2jja.com,AVAILABILITY,domains.list,2024-06-28 08:09:54.027507
crywebber.github.io,AVAILABILITY,domains.list,2024-06-28 08:09:54.428611
